StartChar: Alien.1
Encoding: 563 -1 554
Width: 912
Flags: W
LayerCount: 2
Fore
Refer: 553 -1 N 1 0 0 1 0 0 2
Refer: 4 -1 N 0.176777 0.176777 -0.353553 0.353553 280 296 0
Refer: 4 -1 N 0.176777 -0.176777 0.353553 0.353553 632 296 0
EndChar
