StartChar: Goblin.3
Encoding: 574 -1 566
Width: 912
Flags: W
LayerCount: 2
Fore
Refer: 563 -1 N 1 0 0 1 0 0 2
Refer: 562 -1 N -1 0 0 1 939 0 2
Refer: 562 -1 N 1 0 0 1 0 0 2
Refer: 4 -1 N 0.0687813 -0.0884063 -0.0687813 -0.0884063 559 379 0
Refer: 4 -1 N 0.0687813 -0.0884063 -0.0687813 -0.0884063 380 381 0
EndChar
