StartChar: PileOfPoo.2
Encoding: 604 -1 591
Width: 912
Flags: W
LayerCount: 2
Fore
Refer: 592 -1 N 1 0 0 1 0 0 2
Refer: 4 -1 N 0.125 0 0 0.15625 360 348 0
Refer: 4 -1 N 0.125 0 0 0.15625 576 348 0
EndChar
